1 0.769775390625 0.4736328125 0.11962890625 0.12955729166666666
1 0.184814453125 0.4866536458333333 0.08349609375 0.080078125
1 0.46728515625 0.2805989583333333 0.0283203125 0.0390625
1 0.549560546875 0.2679036458333333 0.02587890625 0.041015625
1 0.508544921875 0.2158203125 0.02587890625 0.035807291666666664
14 0.259033203125 0.3082682291666667 0.05322265625 0.08658854166666667
9 0.63671875 0.5283203125 0.03125 0.057942708333333336
9 0.481201171875 0.4899088541666667 0.02783203125 0.043619791666666664
9 0.523193359375 0.7272135416666666 0.03173828125 0.07161458333333333
9 0.50927734375 0.3509114583333333 0.0166015625 0.022135416666666668
