3 0.289447972642892 0.6160822249093107 0.08842208109428432 0.7363966142684402
3 0.44235466536394724 0.7442563482466747 0.07278944797264289 0.5090689238210399
3 0.19760625305324866 0.6251511487303507 0.07962872496336101 0.6747279322853688
3 0.574743527112848 0.5840386940749698 0.08842208109428432 0.7762998790810157
3 0.688324377137274 0.5423216444981862 0.10649731314118221 0.8403869407496977
3 0.9396678065461651 0.619105199516324 0.07376648754274548 0.6964933494558646
3 0.34074255007327797 0.49818621523579204 0.09526135808500244 0.8512696493349455
3 0.4899853444064485 0.6378476420798065 0.05862237420615535 0.6420798065296252
3 0.3881289692232535 0.624546553808948 0.055202735710796286 0.6856106408706167
3 0.8683439179286762 0.567714631197098 0.07962872496336101 0.7726723095525998
